image_id,split_group_id,true_class_id,predicted_class_id,raw_head,temperature,prob_0,prob_1,prob_2,prob_3
VTM-000038,DG-1ee5bef13bea,0,1,0.551867419765846,1.1365609527825151,0.37114907080913767,0.3828793891330283,0.06890554754981187,0.17706599250802207
VTM-000080,DG-7e62cc22da7f,0,0,0.5533064319102178,1.1405171767422,0.7646428980621585,0.08099100887977095,0.03216944725100584,0.12219664580706478
VTM-000082,DG-de208172c6cc,0,0,0.5593765824246884,1.157314627953616,0.920920112474197,0.04433071107920553,0.008161680967754822,0.02658749547884234
VTM-000139,DG-12575b2ba68a,0,1,0.5649080668186284,1.172778194773943,0.2815971570179354,0.623742609424611,0.056643415940795916,0.038016817616657525
VTM-000176,DG-b3499d2a428c,0,1,0.5459744805682183,1.1204608528004871,0.21967327352842841,0.34691553236256617,0.30367331354191834,0.12973788056708702
VTM-000183,DG-ebc8a7e5c710,0,1,0.6009381214699064,1.2774613378298199,0.04392326435685993,0.8752698126923563,0.04922955194367447,0.03157737100710926
VTM-000210,DG-3d63ccadf9a9,0,1,0.5503493022239054,1.132397829237516,0.2616174894410534,0.3684365157320049,0.1819436929126494,0.18800230191429235
VTM-000215,DG-ae6566d890f4,0,3,0.5766287471753442,1.2060569475527445,0.14279753762172417,0.09348273738299542,0.04760285055048315,0.7161168744447972
VTM-000242,DG-4a27f89e504e,0,0,0.5454543833571763,1.119047606646471,0.5515469007500556,0.21574735856326974,0.20497926627925503,0.02772647440741963
VTM-000270,DG-884962e327f9,0,3,0.5587347343410776,1.1555300678745997,0.3289414926030783,0.0714506450427,0.04203357517170159,0.5575742871825201
VTM-000272,DG-fbc2aa6bbfb3,0,0,0.5511706729784944,1.1346489243367066,0.6543445874630348,0.06388083707257718,0.06772472175217772,0.21404985371221044
VTM-000307,DG-a7eccdebae54,0,1,0.5688764351081391,1.1839664011913655,0.2348738257266456,0.6145276451254598,0.063417267339851,0.08718126180804377
VTM-000316,DG-c8ae06855609,0,0,0.5438264321572956,1.114632001626053,0.32828696714010797,0.22942054936668727,0.26440350970036647,0.17788897379283816
VTM-000335,DG-d539beaf1653,0,0,0.5422719817821862,1.1104269856299425,0.37830659745249634,0.06320236721813506,0.3181769146123061,0.24031412071706237
VTM-000341,DG-69bedbf179ff,0,2,0.5361027964642286,1.093845014658211,0.08510577617953358,0.205358145659003,0.6624496010270252,0.04708647713443815
VTM-000374,DG-f4e221fe8b8b,0,0,0.5583648991752833,1.1545027099901837,0.8658054359340936,0.09538474459846367,0.006056582798594723,0.032753236668848204
VTM-000384,DG-15f64d115742,0,1,0.5703832026023585,1.1882355366632373,0.21123248030562566,0.6384156326882979,0.08614813838213578,0.06420374862394079
VTM-000385,DG-061393da1ed4,0,0,0.5463296680839808,1.1214267067922898,0.3294850164186914,0.24652594550784765,0.1919144059385624,0.23207463213489854
VTM-000400,DG-8e132efe57df,0,1,0.5610706396777806,1.1620343821380703,0.26497578346556466,0.5456264619471094,0.11134298009062196,0.07805477449670395
VTM-000458,DG-e1e4d3c4e48b,0,1,0.5708868884200101,1.1896652408831299,0.1420516915913963,0.6390986507525654,0.14855493902058403,0.0702947186354542
VTM-000466,DG-cc133e156077,0,0,0.5568684760834339,1.1503526054965008,0.8446462264359061,0.11438312738375335,0.0062236724637400685,0.0347469737166002
VTM-000514,DG-0795f955937a,0,1,0.5824204199292059,1.2227686124151957,0.12175234127881694,0.7448207099523699,0.10488681628902087,0.028540132479792264
VTM-000547,DG-575100d9511f,0,0,0.5437428872028801,1.1144057221246515,0.3584945803380275,0.14099493585594428,0.26609319583934293,0.2344172879666855
VTM-000559,DG-9f5635bb8293,0,0,0.5445003535876863,1.116458461146172,0.27361044495655384,0.23126509413340943,0.2625144985169451,0.23260996239309165
VTM-000637,DG-9632525a2dbe,0,0,0.5529774550324145,1.1396118681395007,0.5540512822993859,0.3558472827944782,0.04580367060273039,0.04429776430340548
VTM-000643,DG-2523c6ff20cc,0,1,0.5585452647092458,1.155003660695379,0.29743308019367504,0.5502789638287022,0.09439795647044848,0.057889999507174335
VTM-000663,DG-539d9d2e2678,0,0,0.5557890955279133,1.1473658237112119,0.5533224784267259,0.39926937134291424,0.01890638332297533,0.0285017669073846
VTM-000668,DG-8ede4cd6bd3f,0,0,0.5525598666033045,1.138463448939449,0.6862984929910733,0.20299242309644597,0.020967359927295152,0.08974172398518566
VTM-000694,DG-1bf50f8d6297,0,0,0.5534984381830589,1.1410457945277448,0.6012838880030135,0.3212144188729453,0.023030051988210072,0.05447164113583108
VTM-000706,DG-d50e4e968b94,0,1,0.6011537178096854,1.2781099042891377,0.08734323096334397,0.8797669387411842,0.019693377013676547,0.013196453281795325
VTM-000725,DG-a9d6909612d1,0,0,0.5547899350021049,1.1446060102723667,0.7530008983820091,0.05267768377003348,0.015073776008973186,0.1792476418389841
VTM-000741,DG-6d75fcffa01b,0,2,0.5462725195282706,1.1212712648323235,0.06744267175858175,0.2750789212391296,0.5452441505085511,0.11223425649373739
VTM-000745,DG-ffae84effe1f,0,0,0.5500523902884497,1.1315848733691087,0.6555718984158181,0.1044988978190409,0.09133470430921814,0.14859449945592287
VTM-000746,DG-edb187b2348f,0,3,0.5655203506912786,1.1744992373831304,0.34965843215038656,0.011390983193151773,0.012980444918210866,0.6259701397382509
VTM-000750,DG-a1ca1e131bfd,0,0,0.5599675202199347,1.1589594201456563,0.9094359536321857,0.07016247535958778,0.007283149411948709,0.013118421596277626
VTM-000755,DG-0a97a24d561e,0,0,0.560505755455289,1.1604590117144742,0.9497798519650231,0.037937741204623524,0.0027313107510823376,0.009551096079271074
VTM-000791,DG-71fa8931270d,0,0,0.5561762199221436,1.1484364003453025,0.8179634588858743,0.13596301557388615,0.019586481385611542,0.02648704415462803
VTM-000842,DG-c74887b4285c,0,1,0.5599868516419902,1.1590132553279582,0.32130917291804806,0.5798375428914916,0.06393464667522543,0.03491863751523475
VTM-000892,DG-c3abb5c8c502,0,0,0.5569189679818226,1.1504924604588989,0.7926115358910696,0.17781991777968528,0.014601269966153501,0.014967276363091498
VTM-000954,DG-71c8be037d4d,0,0,0.5528641660234291,1.1393002278898061,0.7201305698535279,0.1269617870517266,0.021867224228928544,0.13104041886581713
VTM-000956,DG-d1c217138732,0,0,0.5499453678331143,1.1312919429917336,0.3994518561346898,0.26867077485556917,0.04689348972966181,0.28498387928007923
VTM-000972,DG-d46fe4ce2bc4,0,1,0.5883220450319261,1.2399866252788512,0.17047975879978577,0.7934799340433348,0.015536195673714693,0.020504111483164576
VTM-001033,DG-d935291a3191,0,3,0.5955496440814824,1.261341674265337,0.0644754531961851,0.03642324080653392,0.0501735322518832,0.8489277737453979
VTM-001036,DG-2e9fb03bc4e2,0,0,0.5569811283998609,1.150664652378373,0.8401972828446227,0.0826211931744848,0.02338551665931936,0.05379600732157298
VTM-001064,DG-ee7ac01f5930,0,1,0.6013392969215247,1.2786683962171972,0.006514924591562571,0.8820137179139937,0.08495456899252254,0.02651678850192103
VTM-001086,DG-4e2428adb821,0,0,0.5577110648169704,1.1526880634102563,0.8647174125007037,0.06893459194305329,0.03000570169067181,0.03634229386557117
VTM-001096,DG-c0e19fef8e58,0,0,0.5515834084591712,1.1357812865536554,0.6481881725030341,0.20352144087331742,0.040638054439489216,0.10765233218415933
VTM-001102,DG-d106697a7181,0,0,0.5490175150911447,1.128754564181015,0.41857359020487594,0.13592523707679569,0.09751755506024712,0.3479836176580813
VTM-001114,DG-b1837ec85f5d,0,0,0.5545371386434627,1.1439085108389415,0.7720220301487236,0.1621400282090405,0.035050762940644666,0.030787178701591044
VTM-001135,DG-929ae7d5a34a,0,0,0.5549755308894706,1.1451182889848128,0.7406629175937506,0.22289477186265066,0.02663185624011624,0.009810454303482603
VTM-001148,DG-fef0381b1e15,0,0,0.5581400376290564,1.1538783968051023,0.8608699049717835,0.09709634081616894,0.00923994698159317,0.03279380723045437
VTM-001162,DG-de4e00a07c62,0,0,0.55277336925529,1.1390505041524805,0.6929903645259243,0.19385222483587683,0.0126313160630979,0.10052609457510088
VTM-001169,DG-f7dd87750c37,0,0,0.5505043068798966,1.1328224016338728,0.46924695395841876,0.2785990717792668,0.02252098787056672,0.22963298639174787
VTM-001231,DG-0d3eb9899a40,0,0,0.5541271415737588,1.1427779220214087,0.7220276604822461,0.20406557494945232,0.029410516517878835,0.04449624805042272
VTM-001276,DG-ed5f37afc816,0,1,0.5608381684648778,1.1613858674722037,0.36485682381136686,0.574705619658541,0.04665038843096027,0.013787168099132012
VTM-001331,DG-40e4034ec913,0,0,0.5558657389707917,1.147577720804056,0.5883206537480006,0.3900151693137954,0.006947014455837669,0.014717162482366243
VTM-001362,DG-d76f1b228ed8,0,0,0.5520082786666334,1.1369477788927516,0.6546025479289789,0.14522345921780247,0.03380228666291113,0.1663717061903075
VTM-001364,DG-2ba5b917d366,0,0,0.559547994312115,1.1577915528467986,0.9121435328860321,0.0704606197441909,0.0019729462124819957,0.015422901157294921
VTM-001459,DG-5c9cb9231012,0,0,0.5481042958519317,1.1262611136086564,0.572382433370435,0.12080063776339998,0.09521268504986452,0.21160424381630044
VTM-001482,DG-04b85f13742f,0,0,0.5578459911277313,1.1530623668359234,0.8581698023121482,0.07918680481875694,0.014940268902406587,0.04770312396668815
VTM-001511,DG-0a48ffc30225,0,0,0.5537131902524731,1.1416372419438592,0.6798675832012049,0.24569845790682623,0.02459371653633344,0.049840242355635424
VTM-001553,DG-d6e92e9385f2,0,0,0.5521729727564761,1.1374001798154687,0.43990144460942626,0.1213864999736009,0.022385551171745746,0.41632650424522716
VTM-001555,DG-831072f754e2,0,0,0.5499985553591672,1.1314375154886853,0.4673836452854592,0.2868128154918148,0.0300631922786547,0.21574034694407135
VTM-001579,DG-8806d0c4c47f,0,0,0.554801663978378,1.1446383795228021,0.6450753026008983,0.3335356527377662,0.005695623592809457,0.01569342106852601
VTM-001661,DG-2e96be8541ff,0,1,0.5679939214627744,1.1814713724344679,0.22095236704657953,0.6382004013658833,0.067899442722631,0.07294778886490623
VTM-001679,DG-f5c3df527ae6,0,0,0.5607060431384722,1.1610174018823218,0.9211404830059551,0.06890766232749833,0.0017822598052967837,0.008169594861249813
VTM-001708,DG-7ca8671e0077,2,2,0.5411552178626541,1.1074127007769523,0.10575338890563266,0.07915473179895292,0.6039790957688665,0.21111278352654775
VTM-001710,DG-3ebacc9068ca,2,2,0.5440047445698725,1.1151150624882893,0.017445475766344545,0.050233949706626195,0.9166245158849825,0.01569605864204679
VTM-001804,DG-dbdac47e8afd,2,0,0.551527025477876,1.1356265495136548,0.3693206393510762,0.35492624279766133,0.0734151586348694,0.20233795921639294
VTM-001808,DG-d55d7d3c197a,2,2,0.541942198244823,1.1095362754344564,0.035796140579339164,0.03785300514089801,0.869756653689132,0.056594200590630875
VTM-001822,DG-099f9cd73fd2,2,2,0.5585834877166203,1.1551098423455435,0.010698365792262169,0.4491439949934304,0.516200089957435,0.023957549256872324
VTM-001825,DG-0be1a7cb809b,2,2,0.5469134151461013,1.123015337037377,0.08467274887160708,0.3329778986817553,0.479088265123218,0.10326108732341949
VTM-001836,DG-115e5815fd01,2,2,0.5435671685127257,1.113929895605815,0.04657348311771784,0.04605326211379485,0.7185106467707463,0.1888626079977411
VTM-001869,DG-e811b714b7c7,2,2,0.5466135714443828,1.1221991358626513,0.07812197622170793,0.32605183110762825,0.461368723805057,0.13445746886560672
VTM-001870,DG-8ad7e95d79c6,2,3,0.5689179030194529,1.1840837365764436,0.20342367029613892,0.06696947670358257,0.08914211705925176,0.6404647359410268
VTM-001913,DG-3707ecbb95e5,2,2,0.538006379153183,1.0989435999610286,0.045097152151567246,0.04895656324722881,0.8595431946495884,0.046403089951615614
VTM-001957,DG-945099f25988,2,2,0.5493199164990757,1.1295810940303699,0.002930154235314085,0.022409192474330618,0.9719811157341504,0.002679537556204943
VTM-001971,DG-e8b349f69d0f,2,2,0.5449530716780316,1.1176865769046627,0.006110118395961184,0.042767767586685324,0.9470671489860173,0.00405496503133615
VTM-001975,DG-ee19746cff09,2,2,0.5441761508562095,1.115579550316231,0.20574852289518994,0.23242089885709769,0.3337341794021476,0.2280963988455647
VTM-002040,DG-e69c3cb2f2a9,2,2,0.5462902969685735,1.1213196172061213,0.007883562980635781,0.031684372778835374,0.9522830476446131,0.008149016595915772
VTM-002062,DG-ad9872c2eee4,2,2,0.5432361021595726,1.1130337852224852,0.010068192861707768,0.059885300161449634,0.9235963230506185,0.006450183926224253
VTM-002071,DG-b0dfd574378f,2,2,0.5396966520674974,1.1034842638654379,0.03931052425935307,0.08855713225983043,0.799292044283401,0.0728402991974155
VTM-002072,DG-527cdfca6bd0,2,1,0.5932460987474516,1.2545028030426832,0.04406051211872389,0.8197311526005443,0.10500609238578423,0.0312022428949475
VTM-002109,DG-49d4aea7403d,2,0,0.5458569719558501,1.1201414414691733,0.3562811079717365,0.25054286471755993,0.19312748668037893,0.20004854063032462
VTM-002156,DG-7a1ad7931b41,2,2,0.5404855986176155,1.1056079977392579,0.043940544261618975,0.07513720143222756,0.776707164303078,0.10421509000307548
VTM-002176,DG-6e31a3638f5b,2,2,0.5386453809991972,1.100658693389659,0.08308109905780288,0.2123566855128525,0.6269978039086749,0.07756441152066969
VTM-002197,DG-3283712210b1,2,2,0.5356370862711222,1.0926000699592293,0.2336998138874576,0.18704361034456898,0.49905268771011474,0.08020388805785882
VTM-002217,DG-7575d56e708e,2,2,0.5360246446859388,1.093636031702673,0.13764762530587904,0.07612757090340086,0.6139451236574184,0.17227968013330183
VTM-002243,DG-6818c6de34f1,2,2,0.5350862285268613,1.0911287302966672,0.2489797809663319,0.12467074566096523,0.4763585445837585,0.1499909287889444
VTM-002291,DG-aac96cc1c2f8,2,2,0.5471832846671321,1.1237502998412434,0.016994837535597915,0.034286372025695316,0.9070101912055383,0.04170859923316861
VTM-002301,DG-22e177bc3108,2,2,0.5557592359841317,1.1472832782937752,0.033890581233829736,0.036626393420205315,0.4820785017407558,0.4474045236052092
VTM-002312,DG-30ddba3da988,2,2,0.5315132788570044,1.0816173423788578,0.1073204675148006,0.103522673781951,0.7192219247224997,0.06993493398074882
VTM-002373,DG-01059fd87aa8,2,1,0.5629525763503933,1.1672941694652845,0.13313183612301696,0.5524450306482152,0.1709880622988877,0.14343507092988036
VTM-002455,DG-64878c17d768,2,1,0.5725457609371568,1.1943832176277045,0.00901436036322209,0.6093178684245278,0.30750917817435675,0.0741585930378933
VTM-002486,DG-a5424ad614df,2,1,0.5657307341547251,1.1750910308422455,0.05782966158900225,0.5800338249208522,0.28664904172997885,0.07548747176016672
VTM-002528,DG-ed2777a70763,2,2,0.55213455009749,1.137294624526566,0.04536133207693504,0.39648530079387,0.5054422945192855,0.0527110726099096
VTM-002531,DG-6b7b56376b97,2,2,0.5385332983363156,1.1003577306735077,0.06454151250064666,0.17605490499031973,0.6535195484572136,0.10588403405181995
VTM-002532,DG-f5727e40eaf0,2,2,0.5482557012746905,1.1266742428941392,0.006256831433912899,0.00945507700878825,0.9779832350194185,0.006304856537880408
VTM-002584,DG-ad6e3cb93a53,2,2,0.5394997267139295,1.1029546008659636,0.029953694470493467,0.04615233674079801,0.8667076313189525,0.057186337469756085
VTM-002586,DG-1d926f95ceb5,2,2,0.5407874678107327,1.1064213225186068,0.008530850587481391,0.14604028066408586,0.8424691462364055,0.0029597225120272905
VTM-002597,DG-cc5e27ccf24b,2,2,0.5485023482734653,1.127347478687448,0.01199126582320733,0.3587622761162218,0.6251566797848418,0.004089778275729121
VTM-002611,DG-c5130ece1099,2,0,0.549529348351628,1.130153767171317,0.46937703507944983,0.14650368279446682,0.10082452376079738,0.283294758365286
VTM-002659,DG-99661671ac1a,2,3,0.5570391005553965,1.1508252591267385,0.1900438405729457,0.16636451487498494,0.1205927469309964,0.522998897621073
VTM-002680,DG-47a86bb0dab5,2,1,0.5498384090154924,1.130999240260698,0.2566601586797515,0.35714519029866826,0.23815421911778353,0.14804043190379665
VTM-002699,DG-6455db2f607c,2,2,0.5454792268894185,1.1191150851471048,0.046238801513689615,0.3340998410243807,0.5848101234328865,0.03485123402904328
VTM-002713,DG-f9ddda4e534a,2,2,0.5419370761761245,1.1095224451332224,0.017992829025091858,0.07194660075707184,0.8635608917879164,0.04649967842991998
VTM-002746,DG-c06e2c0d2b91,2,2,0.5404980322017627,1.1056414894440645,0.040687478826168265,0.04170851575496992,0.8150534874501528,0.10255051796870907
VTM-002763,DG-617149045788,2,2,0.5437825064873506,1.1145130260559772,0.02460482923828706,0.2559464317300946,0.6943102060596293,0.025138532971988887
VTM-002770,DG-70b0db616525,2,3,0.5538021044736775,1.141882184282705,0.12879722271159055,0.1480341296697101,0.2272613259039869,0.4959073217147124
VTM-002784,DG-25ad1511006d,2,2,0.5529501339700013,1.1395367066276334,0.0009859161543015135,0.0017311992199163639,0.995452177300552,0.0018307073252300664
VTM-002838,DG-626f201437a9,2,3,0.5522160075589351,1.1375184139283785,0.244473757330114,0.23972194090560964,0.13572023042739373,0.3800840713368825
VTM-002842,DG-90adf83c726e,2,2,0.548229439762049,1.126602577345415,0.03074764927281108,0.1907317046900728,0.5735130108825566,0.2050076351545596
VTM-002854,DG-27812b02f1ff,2,2,0.5514693060433717,1.1354681602221373,0.003595046662973753,0.011421810114055053,0.9799290506802292,0.005054092542742087
VTM-002912,DG-1ebef98da093,2,2,0.5479773163561995,1.125914715485078,0.007853957197627147,0.023773395479650766,0.9607349690570766,0.007637678265645491
VTM-002920,DG-7879a2b4b0de,2,2,0.5464854258784734,1.1218504383993966,0.011206630566144975,0.034999011377557065,0.9384390107788211,0.015355347277476996
VTM-002942,DG-618a9ab1f8b5,2,1,0.5792885999336833,1.213709379095695,0.09915563594326166,0.6878064394479185,0.09330868212255747,0.11972924248626234
VTM-002952,DG-188c4dc528eb,2,2,0.5380922417781416,1.0991739519187878,0.04618558471469841,0.053556391696184105,0.8288803805900384,0.0713776429990789
VTM-002968,DG-88a12c89209d,2,1,0.6074032493756335,1.2970332382204364,0.01080021962864137,0.9301544596990727,0.04205197742189311,0.01699334325039284
VTM-002993,DG-c2c02d350098,2,2,0.54725521825732,1.1239462604907038,0.010033972702580994,0.036657809861920396,0.9393109144602387,0.013997302975259916
VTM-003002,DG-e275db91131f,2,1,0.5874283786317723,1.237366862230857,0.027498242416069924,0.7655215316184395,0.15699493999830946,0.04998528596718113
VTM-003025,DG-27782542d229,2,2,0.5355189464350393,1.0922844072064795,0.22257236070044387,0.20281711690782217,0.507451917847517,0.067158604544217
VTM-003055,DG-593b1da49274,2,2,0.531973431672178,1.0828392057346983,0.27541394447254036,0.12041633078944768,0.5609840169896715,0.043185707748340574
VTM-003120,DG-2f32ec5e4ac7,2,2,0.5492685525301734,1.1294406749423007,0.008344891641118107,0.02461034786538458,0.9462578889856652,0.020786871507832205
VTM-003135,DG-12fa4efe713b,2,2,0.5479002924879931,1.1257046319170363,0.015357804206790036,0.2713743212349625,0.6796161303047583,0.03365174425348918
VTM-003165,DG-78af7f9ebac1,2,2,0.5405137194915336,1.1056837464736262,0.09548340643835806,0.2738758187189433,0.5722605883615384,0.058380186481160196
VTM-003186,DG-f84f5b035ab4,2,2,0.5448126194651841,1.1173054637210937,0.014209669694258568,0.020569161415872207,0.9494009428951692,0.01582022599470002
VTM-003187,DG-20fae7745a04,2,3,0.5857062974469267,1.2323312591491145,0.016040223750648265,0.15811792758270923,0.049725420995502694,0.7761164276711398
VTM-003235,DG-1793687c7efc,2,0,0.551374615947773,1.1352083528039556,0.6344385953126376,0.20036669106235863,0.041184181952305644,0.12401053167269817
VTM-003239,DG-13991e92ce5f,2,2,0.5421107204952633,1.1099913748997174,0.01853654611398692,0.04738999794142915,0.906264404502388,0.027809051442195983
VTM-003283,DG-a3d10cf5ba30,2,2,0.5427997275857841,1.111853390675897,0.0261369726275311,0.1057459341270555,0.8256763630737755,0.042440730171637964
VTM-003286,DG-e8ae61f6ec60,2,1,0.591099740734756,1.2481582574463155,0.0607475601621338,0.8063399424515216,0.11748105923162404,0.015431438154720702
VTM-003315,DG-74e3049fc5be,2,0,0.5497864993070403,1.1308572037821873,0.344698758928292,0.24315698001290473,0.09993576312600264,0.31220849793280064
VTM-003375,DG-257747e2a50a,2,2,0.5524849547111017,1.1382575193955389,0.00258360443949586,0.0054719446483326405,0.9885888524699477,0.003355598442223976
VTM-003406,DG-7e26913c34ae,2,2,0.544755320177439,1.1171500095304099,0.00835610051199791,0.05137764999537641,0.9319432411228753,0.008323008369750286
VTM-003424,DG-7f0121f17922,2,2,0.5390465891410398,1.1017364679354504,0.07201345157183375,0.23141591826375665,0.6311215006391487,0.06544912952526087
VTM-003430,DG-d2cc19a75028,2,3,0.5749689914545415,1.2013009150908776,0.0676745143053703,0.12500646786941388,0.1346639734374408,0.672655044387775
VTM-003487,DG-5906bab20952,2,2,0.5523281663046958,1.1378266007471687,0.0015707618410330684,0.004224309230757168,0.9922925574973304,0.001912371430879568
VTM-003509,DG-e1ddce8c445d,2,2,0.5571522892614548,1.1511388852854894,0.010749449327376084,0.4152277830514892,0.5055244251890322,0.06849834243210266
VTM-003532,DG-03b82eb36253,2,2,0.5422587079310232,1.1103911249124476,0.022411312172909953,0.0548568092911065,0.8412894439835185,0.0814424345524651
VTM-003569,DG-53a4f289f76f,2,2,0.5477659834299721,1.1253383679321691,0.00629250645608646,0.02598577075196546,0.9630032529365534,0.004718469855394623
VTM-003589,DG-bfce40ac1278,2,2,0.5517474061439912,1.1362314456985394,0.002823076075466155,0.02280591676607591,0.963869430390432,0.010501576768025975
VTM-003590,DG-e77a97e4ff35,2,2,0.5476736062504087,1.1250865015906548,0.012071028612112187,0.041950608319698816,0.9011974807960772,0.04478088227211187
VTM-003620,DG-91e27b457d02,2,2,0.5458193136077437,1.1200390921226249,0.10346924869543715,0.3720264536010897,0.48670863391773084,0.037795663785742416
VTM-003654,DG-70c02cf51a2e,2,2,0.5467520752605081,1.1225761041280191,0.007415215049212967,0.28478316982700186,0.6986149500974191,0.009186665026365988
VTM-003702,DG-6d9f1b8f2d43,2,1,0.5495500238486652,1.1302103136036747,0.1611477680835589,0.3663169339404249,0.3200863142475814,0.15244898372843474
VTM-003759,DG-fed68cb30af4,2,1,0.5515464327921529,1.1356798091153306,0.07363404096098997,0.4325432268689555,0.42004986702301417,0.07377286514704028
VTM-003801,DG-c55753fc49af,2,1,0.5636926371506855,1.1693673673431195,0.09563092078807922,0.5590194274523823,0.24334022064276378,0.1020094311167747
VTM-003941,DG-e2396c0d64f2,2,0,0.5501283364105426,1.1317927774178775,0.6228516732685682,0.20379912721263574,0.06306263312437736,0.11028656639441876
VTM-003942,DG-288158a36116,2,2,0.5435326877805053,1.1138365420790195,0.09400286797762886,0.3197992444618786,0.5482631147442935,0.03793477281619917
VTM-003946,DG-d67239230354,2,0,0.5512982769813436,1.1349989272891177,0.6268395701394991,0.24293076416722922,0.05968157981751831,0.07054808587575354
VTM-003948,DG-4eab2d6706b2,2,2,0.5505860433880232,1.1330463309686662,0.0013181438919068992,0.033685952420398506,0.9609457047114848,0.004050198976209815
VTM-003975,DG-e3ec539d209e,2,2,0.5417935262785131,1.1091348883445546,0.02274751098340238,0.14217224689588545,0.8020497266152145,0.03303051550549765
VTM-004018,DG-9836822b50db,2,2,0.5427517555173397,1.1117236785921776,0.05099600219174944,0.1825782122008066,0.6368376746122185,0.12958811099522538
VTM-004024,DG-372e8bba0e98,2,2,0.5503294873979796,1.1323435626665372,0.0003733095236166547,0.01707721067886306,0.9821911319540294,0.00035834784349074623
VTM-004038,DG-8eea071c79a8,2,1,0.5580550224952664,1.1536424219364885,0.12573752630305923,0.3561957426961951,0.17613552262568535,0.3419312083750603
VTM-004053,DG-1a0e890cb42c,2,2,0.5501943835897117,1.1319736048358764,0.002724740946359076,0.034438452198490864,0.9563703275619557,0.006466479293194395
VTM-004055,DG-e9120d8e1974,2,1,0.5861527244031516,1.233635081148556,0.010714990428944473,0.7626125664257198,0.2142737062234435,0.012398736921892112
VTM-004076,DG-628d38eee682,2,2,0.5474088914892822,1.1243649752925997,0.012955992630161655,0.31624566468599896,0.6551132153061853,0.015685127377654016
VTM-004105,DG-f4cecdf6975b,2,1,0.5591495709273709,1.1566832274874783,0.007105274170566844,0.5011368019495543,0.4887321366463672,0.0030257872335114886
VTM-004125,DG-c66a54c24bfe,2,2,0.5420298214688093,1.109772888665736,0.017985789747754773,0.11462345671375324,0.8413490697316957,0.026041683806796324
VTM-004127,DG-e7424cc3fb94,2,2,0.5404566923042003,1.1055301369622381,0.032956126558842454,0.07542006548758264,0.8593159729266049,0.0323078350269699
VTM-004128,DG-5aded02064b8,2,1,0.555165003373915,1.1456414378612865,0.0853672444024227,0.4127967832068438,0.34433685736490754,0.15749911502582592
VTM-004131,DG-cbe20095ab05,2,1,0.5681252933405619,1.18184253300041,0.1676717712602896,0.6304407482469625,0.14974692707688006,0.05214055341586793
VTM-004161,DG-ba6b7b5ebdb9,3,2,0.5470617314771894,1.123419220275974,0.010396797237865338,0.04904883578907665,0.7021844877288577,0.2383698792442003
VTM-004168,DG-b2c30cdfb5d2,3,3,0.5618880283915203,1.16431673194816,0.14972920588407895,0.39726063144819246,0.04443312553800721,0.40857703712972143
VTM-004173,DG-d065df26b1de,3,2,0.549302214470677,1.1295326987444283,0.04621166704488802,0.18805349027319354,0.4674690373233515,0.29826580535856695
VTM-004181,DG-255e009485c4,3,1,0.5737981637215038,1.1979546581685634,0.03182065953830762,0.5332612698743033,0.08290365923482095,0.352014411352568
VTM-004195,DG-fa817120e9a2,3,3,0.5875911665848975,1.2378437365550359,0.024947944584099456,0.16661752021205148,0.02252053106985035,0.7859140041339987
VTM-004250,DG-07719d84ae22,3,0,0.5497889717112215,1.1308639685431974,0.5483035291663652,0.08063946045451106,0.0973392518062685,0.27371775857285535
VTM-004287,DG-2ab3ac641bbf,3,1,0.5725896246789958,1.1945081640887785,0.04558153180717271,0.6622271368019313,0.2629239079068133,0.029267423484082573
VTM-004321,DG-3fd5a86d3dac,3,2,0.5452487802426652,1.1184892682146543,0.019300193021165653,0.16796941724150996,0.6907159707835357,0.12201441895378864
VTM-004335,DG-a68fde7659c5,3,2,0.5428358318886336,1.111951020262737,0.023067686486290002,0.07204304682967655,0.7336058405342417,0.17128342614979172
VTM-004340,DG-4cf2c53aefa2,3,3,0.5549778253133266,1.1451246230469896,0.11326480590084927,0.22893460293365478,0.238222307696264,0.4195782834692319
VTM-004355,DG-7319b7336f77,3,2,0.5413258683317004,1.1078729450744655,0.27263019020087487,0.1749722840803944,0.3463346555430126,0.20606287017571803
VTM-004390,DG-ea9c51520a5e,3,1,0.5624278348842509,1.1658258158055137,0.09781116758450871,0.39148185750747355,0.1565061560449794,0.3542008188630383
VTM-004398,DG-e5eea438b686,3,1,0.5729007785626634,1.1953947782957453,0.21966905588018287,0.6700386553258816,0.02031138166783102,0.08998090712610447
VTM-004508,DG-dac486af346c,3,3,0.5989275542667043,1.2714265077359337,0.043534981914546064,0.0014825986977700255,0.013354406069355609,0.9416280133183282
VTM-004516,DG-696a98255871,3,0,0.54412621534976,1.1154442180717545,0.5349082009423456,0.13834220094806346,0.2306942370527769,0.0960553610568142
VTM-004533,DG-9bd2111bf3d3,3,3,0.5804806918163485,1.2171513937641292,0.11887788450328983,0.10643469710865794,0.046298557366615575,0.7283888610214369
VTM-004573,DG-e0f5a9a819cf,3,3,0.5703530390524235,1.1881499594686804,0.27666480114080827,0.041979702604698355,0.009801858574537858,0.6715536376799555
VTM-004616,DG-e2642667ab18,3,1,0.5632970368978396,1.168258797832094,0.11868719670654657,0.49476915002828226,0.18265883458826715,0.20388481867690406
VTM-004641,DG-863365ae316e,3,3,0.5795556022367214,1.2144796468959866,0.08218680869515309,0.0821077609282381,0.10283109419672866,0.7328743361798801
VTM-004648,DG-1e9e9230cbd5,3,3,0.5720853308652607,1.1930722812445929,0.06582992339190877,0.4206014391318954,0.04749934754896302,0.4660692899272328
VTM-004661,DG-c7e61f41eeb1,3,3,0.563726700830028,1.169462858684419,0.02214521695862649,0.06034873082761707,0.36552380157546277,0.5519822506382936
VTM-004687,DG-2eded55bf079,3,3,0.5623446539010918,1.1655931808004742,0.12154961666226576,0.07266615704375293,0.21638156684045748,0.5894026594535238
VTM-004694,DG-0008e0345f39,3,2,0.5391651020448367,1.1020549684653835,0.3110260004039032,0.09559231428147129,0.36526505362094086,0.22811663169368468
VTM-004746,DG-bb611c7b112e,3,3,0.558505844009033,1.1548941593636262,0.23710645175228107,0.07958507981495475,0.08285927892038983,0.6004491895123742
VTM-004761,DG-53a25b9fcb1b,3,2,0.5343942492079706,1.089282328535945,0.12608966625957338,0.06283764712023762,0.6868564757274827,0.1242162108927063
VTM-004764,DG-35a355eecef9,3,3,0.5896397647492798,1.2438577225935483,0.15727194934843444,0.021766773314428178,0.011565427037667955,0.8093958502994695
VTM-004784,DG-4c41fb92d363,3,0,0.5480393296105925,1.1260838773688284,0.559165794526766,0.14924015666569881,0.091650799275968,0.19994324953156734
VTM-004809,DG-a0cbe12073be,3,3,0.5642809389621745,1.171017379292656,0.20819879853202694,0.07930542836076437,0.07081261845568985,0.6416831546515189
VTM-004891,DG-b95ec32b1c20,3,0,0.539276775867184,1.1023551462066814,0.4553495776488362,0.16116573332905806,0.2992760746802769,0.08420861434182882
VTM-004900,DG-35e20867b96a,3,3,0.5598191212027308,1.158546211589855,0.19878700603419705,0.04329847565086865,0.17267534124384415,0.5852391770710901
VTM-004923,DG-3fffef619485,3,2,0.5436854093680704,1.1142500631785486,0.09427961072696014,0.263168167414986,0.4922116512007601,0.15034057065729362
VTM-004952,DG-e44dc10e808d,3,1,0.5559271863432355,1.1477476255194012,0.46394980846331974,0.4725312129134951,0.013466540296834991,0.050052438326350264
VTM-004957,DG-cdebbcc0a265,3,1,0.5599372838880031,1.1588752200581636,0.3724921947487217,0.5132124347948037,0.022867800094740754,0.09142757036173398
VTM-004977,DG-57784ee11384,3,0,0.5494674085909766,1.129984377006856,0.5326411785156535,0.14455471566068884,0.04798904865544771,0.27481505716820975
VTM-005019,DG-8ff188388243,3,0,0.5574442345501159,1.1519481008215502,0.8800421537647198,0.05485553713236762,0.019627005876763994,0.045475303226148574
VTM-005034,DG-891230d82461,3,1,0.5553841532974388,1.1462467430288037,0.29320488310340903,0.5100302484298611,0.1504327987857127,0.04633206968101703
VTM-005073,DG-3f4220185ca1,3,3,0.6030268714359068,1.2837566476939837,0.006608878431869938,0.00209742424372127,0.008020836755671178,0.9832728605687375
VTM-005080,DG-2989287b2cbe,3,3,0.5999167801867301,1.274392695872783,0.06487300492802824,0.016079680341459766,0.003104631105421505,0.9159426836250905
VTM-005117,DG-1134d44749ac,3,3,0.5702487934581836,1.1878542397754221,0.13584870105726482,0.06003872217853466,0.14521668899797696,0.6588958877662235
VTM-005125,DG-d0908f4d6dc2,3,3,0.5450562196967751,1.11796652351415,0.3440133890909704,0.07081407026131854,0.22789555393045227,0.3572769867172588
VTM-005131,DG-b50710c59c87,3,3,0.5505473064920974,1.1329402015721446,0.366968795216221,0.1573609276406103,0.08845194717029345,0.38721832997287525
VTM-005192,DG-368e9820e2a8,3,2,0.5417077104731745,1.108903246617985,0.03233594672235823,0.03146413698935871,0.8421326899748006,0.09406722631348254
VTM-005240,DG-ccd77170ce69,3,3,0.5527056001587219,1.1388641402299822,0.2855920446807898,0.18702088657015686,0.05785924712423057,0.46952782162482287
VTM-005250,DG-362b1416f911,3,1,0.575599786092471,1.2031067389242696,0.005459879347055671,0.6639896496317503,0.32347567471403044,0.007074796307163542
VTM-005268,DG-4da10a842c0c,3,2,0.5512953305967001,1.1349908448350612,0.06033477600427838,0.10242854663193349,0.4421795220078675,0.39505715535592056
VTM-005280,DG-b24ae1531823,3,3,0.552768255068089,1.1390364394615795,0.3003214164720872,0.19204894211901494,0.08475317951368415,0.4228764618952137
VTM-005311,DG-f5b4026c0acd,3,3,0.5562950186914977,1.1487650780526804,0.09532898850644425,0.08206501960248892,0.3211442596476044,0.5014617322434624
VTM-005335,DG-90c2e4fb3f94,1,2,0.5432038707618154,1.112946569736322,0.022146995420589226,0.03949455751260026,0.8861755525672622,0.052182894499548195
VTM-005344,DG-2d1b9a2cf135,1,0,0.5532873209717523,1.140464571468205,0.6961419660957119,0.20167874647642836,0.02199688513119937,0.08018240229666034
VTM-005349,DG-8fb50dfebaa4,1,1,0.5542121555709357,1.143012286767375,0.2548902615005799,0.48976348276140474,0.18386824323836895,0.07147801249964629
VTM-005383,DG-647629dbee07,1,1,0.5644889691025704,1.1716012564816958,0.41217651663450694,0.5639217878878547,0.004037376923325059,0.019864318554313257
VTM-005385,DG-2131992c4dec,1,1,0.5785843339851735,1.2116795040728314,0.036904760237620335,0.7007399048725692,0.19988147283212163,0.06247386205768899
VTM-005386,DG-9e3198cf05b8,1,1,0.6059800425966144,1.2927026900204297,0.033368878947355234,0.9253901140358505,0.010549726627480405,0.030691280389313725
VTM-005398,DG-15429501b83e,1,1,0.598237408609813,1.2693605682312314,0.09099012446247726,0.8483802408194469,0.02973138518879449,0.030898249529281413
VTM-005407,DG-20b3976bd8e5,1,1,0.5968930841240477,1.2653444729335421,0.057170125156472094,0.8465675525740897,0.05452879834370984,0.04173352392572841
VTM-005416,DG-485fcedd2e0e,1,1,0.6002320248708691,1.2753391865045052,0.007276628517457735,0.8720226820706519,0.005288648888276699,0.11541204052361358
VTM-005419,DG-c946b46376e0,1,1,0.5730159159119708,1.1957229833600609,0.03338107382795108,0.6406187463029148,0.22779642078306003,0.09820375908607404
VTM-005433,DG-45f7b30a13f5,1,1,0.59056570831577,1.2465837896948129,0.07553965070166933,0.7965912816552061,0.0656957553974991,0.062173312245625355
VTM-005459,DG-1267086ce19b,1,1,0.5765392488995048,1.205800117302076,0.0683821807675837,0.6718453328922505,0.09644920006672761,0.16332328627343817
VTM-005463,DG-48c31bb6bb02,1,1,0.594500015855332,1.2582216556843926,0.014510188586766132,0.8203386740973031,0.10768500198868347,0.0574661353272473
VTM-005506,DG-3f2c7de18e99,1,2,0.5375418076731968,1.0976978135682798,0.2372927557168617,0.12893612542821792,0.4746923537008975,0.15907876515402303
VTM-005516,DG-343ceddbe082,1,1,0.5723894104178349,1.1939379326533066,0.00760457492183993,0.6476373914883036,0.3394328124875387,0.005325221102317735
VTM-005540,DG-5197d7a3e07e,1,1,0.5792295178225907,1.2135389866575736,0.25994890103745416,0.7092931919898132,0.014301134175113741,0.01645677279761908
VTM-005545,DG-83710705536d,1,1,0.6090252808251209,1.3019841835643058,0.011701601863274317,0.9502035863349276,0.023713912696500253,0.014380899105297752
VTM-005581,DG-524bc56b61d1,1,1,0.5900485226558363,1.2450605431019266,0.0894394961623936,0.8046604960711409,0.07914840563140307,0.026751602135062533
VTM-005636,DG-4f20c8bf2054,1,1,0.5479228239081927,1.1257660838078076,0.3147844377131262,0.36424330492895257,0.18144400099473493,0.13952825636318625
VTM-005708,DG-f9a70b631b94,1,1,0.5873310492770927,1.2370818147952358,0.020106533153888613,0.7783023092708545,0.16688377691032133,0.0347073806649355
VTM-005776,DG-680dd5bb102e,1,1,0.5903996157474408,1.2460944374642284,0.08756389913027372,0.7903805395846715,0.042872416477111715,0.07918314480794326
VTM-005806,DG-81249374cf8f,1,3,0.5800167014212052,1.2158107663124686,0.027532409392387814,0.24142413191710593,0.038196031850460485,0.6928474268400457
VTM-005811,DG-641ffb5d9242,1,1,0.5851020487417612,1.2305682752098779,0.08576920296362048,0.7352443979927081,0.06299104016381502,0.11599535887985626
VTM-005862,DG-e760e6bcd816,1,1,0.5997726142815986,1.273960050764771,0.05482545409976059,0.8675266550151005,0.0026365946239959746,0.07501129626114274
VTM-005913,DG-ab8a3bfc02e4,1,2,0.5626464296273029,1.1664373306158362,0.004549559512933421,0.4909236229143383,0.4963424401422745,0.008184377430453612
VTM-005965,DG-79094b41ea20,1,1,0.6071923807627947,1.2963908100188295,0.02497425588997722,0.9564691612196616,0.012752833821126963,0.005803749069233943
VTM-006050,DG-839a2cfc810b,1,1,0.5750400267809135,1.201504168289087,0.24372692546324032,0.689595458009714,0.03343197148233399,0.03324564504471155
VTM-006080,DG-0c340a297abd,1,1,0.5857636700942813,1.2324987578639905,0.04039258018437371,0.7356536528832577,0.08923580164219456,0.13471796529017407
VTM-006140,DG-cc73decfbb96,1,1,0.5838417214232433,1.2268976039910275,0.012668331769189366,0.7326211727821413,0.22930629794315519,0.02540419750551408
VTM-006143,DG-160a05e6c1b1,1,1,0.5485890612801432,1.1275842333901274,0.18251960875713627,0.38047388330273973,0.3019311542548762,0.1350753536852478
VTM-006151,DG-4134baf148b5,1,1,0.6011866245088913,1.2782089203448936,0.022390150465800483,0.8809027376447318,0.0632921654199648,0.03341494646950295
VTM-006157,DG-148c44f2201f,1,1,0.6030570634408235,1.28384783800139,0.04310231865086359,0.9079740620709651,0.018960180945568696,0.02996343833260262
VTM-006171,DG-2105739ba86d,1,1,0.5787800771171933,1.2122434181242667,0.11688178321342013,0.6800905610171043,0.03234590653174018,0.17068174923773538
VTM-006172,DG-ef4ca5523990,1,1,0.5643101980074574,1.1710994874160117,0.27670224723361025,0.5871178797702596,0.03073668203022982,0.10544319096590031
VTM-006178,DG-888c287a8dc5,1,1,0.6062568783872172,1.2935440635062208,0.03396217728815115,0.9440558553908981,0.014274178069675571,0.007707789251275194
VTM-006203,DG-f3d7da0c67c9,1,1,0.5745776762655213,1.2001817230648364,0.02376139606772374,0.6491590284537007,0.29684349727156717,0.030236078207008472
VTM-006220,DG-872d3b335023,1,1,0.5996404422737436,1.2735635090191946,0.032845709757650346,0.8627501567656863,0.03877264639447833,0.06563148708218498
VTM-006225,DG-bef03e770623,1,1,0.6011498161734204,1.2780981647229268,0.039078660622765916,0.8748829713263021,0.05820239203952041,0.027835976011411502
VTM-006228,DG-f949a61cf823,1,2,0.5465389352533039,1.1219960338145258,0.005080953581311023,0.18118318900755184,0.7991695027417319,0.014566354669405248
VTM-006236,DG-cd8a475fc5c7,1,1,0.5882629018646803,1.2398131093134508,0.14115688941052745,0.7905880647909437,0.0409191154563518,0.02733593034217711
VTM-006237,DG-7d88b6dc8036,1,1,0.5838070463279331,1.226796737807254,0.10634762343975965,0.7530547602562224,0.0914763417847214,0.04912127451929663
VTM-006252,DG-b71f7a0eedef,1,0,0.5511415310217946,1.134569002070314,0.6126836316291729,0.2549306785270743,0.050333601113325896,0.08205208873042695
VTM-006257,DG-897610d3f51d,1,3,0.5596186423520921,1.157988161019955,0.281283462052203,0.09213297810064967,0.030922100599637823,0.5956614592475096
VTM-006294,DG-887458a1177d,1,1,0.5891733775306076,1.2424864805595603,0.08987742789505332,0.7815227634706515,0.02459098758610828,0.1040088210481869
VTM-006295,DG-4626d47e0927,1,1,0.6073239351028423,1.2967915683780071,0.014115561740660254,0.9610170830582081,0.018282081816667968,0.0065852733844636874
VTM-006328,DG-d5fa4c89bcb2,1,1,0.5920658261360592,1.2510106835462995,0.045014735775064964,0.8011938313671823,0.087757152055071,0.06603428080268192
VTM-006405,DG-ccad4f1667a9,1,1,0.5821133728136888,1.2218780730073098,0.09156960773476511,0.7405844310404981,0.15210532237933658,0.015740638845400355
VTM-006536,DG-443c72da28ce,1,1,0.5610804407196188,1.1620617295204236,0.38595973174790615,0.5429765367317537,0.015087697749016731,0.05597603377132336
VTM-006543,DG-63af5b864d85,1,1,0.59255318063215,1.2524516641047794,0.0851045844347942,0.8112677764847651,0.06592454353740705,0.03770309554303367
VTM-006633,DG-a588e121a3ce,1,0,0.5503806376657169,1.1324836509004093,0.424189802121401,0.3949873178175761,0.11149313059927737,0.06932974946174544
VTM-006678,DG-5bc6578c5ed8,1,2,0.551113789504151,1.1344929242369768,0.0005332448563206485,0.021119426741965357,0.9777455820802485,0.000601746321465468
VTM-006698,DG-7654035341ef,1,1,0.6063820279697244,1.2939245804241533,0.04706689211693111,0.9347179995761757,0.013527199236827193,0.004687909070065842
VTM-006710,DG-ba6a623938de,1,1,0.5984745043863727,1.2700699907834363,0.034668315060048825,0.8601987301536641,0.07305999649099423,0.03207295829529276
VTM-006805,DG-4a9769625722,1,1,0.6104096851877205,1.306222905985315,0.013148156464212728,0.9613969584711456,0.011056388686372372,0.01439849637826948
VTM-006810,DG-a04672801e58,1,1,0.5749562974704636,1.2012645966312898,0.1309080736302398,0.6846091202710416,0.09467264314935718,0.08981016294936137
VTM-006817,DG-685240310321,1,1,0.564183018529939,1.1707426214900554,0.17330088253303902,0.5931506233276916,0.1739106548000669,0.059637839339202456
VTM-006836,DG-cf583ba46706,1,0,0.5523980640710725,1.1380186940342727,0.7470109219102633,0.10238941359347553,0.07705954568945969,0.07354011880680157
VTM-006860,DG-76ded5ef04a3,1,0,0.5499093732907641,1.1311934346205121,0.43042712257723476,0.4053734064712391,0.14586420845242357,0.018335262499102545
VTM-006874,DG-3e8ecc4a324c,1,0,0.5559448231307775,1.147796395373167,0.4917553726286582,0.4567587817477942,0.01810492722825339,0.033380918395294314
VTM-006877,DG-15ab3b656d7d,1,0,0.551121372673441,1.134513719823392,0.650567041116573,0.2390517981601873,0.08696416449386933,0.023416996229370282
VTM-006879,DG-ab868c095f43,1,1,0.5884073643137044,1.2402369722929805,0.015904244405996047,0.781425116744674,0.18513691619920683,0.01753372265012312
VTM-006885,DG-6501daf28f81,1,1,0.5726303485667771,1.1946241756153142,0.13403586480902785,0.65776619731795,0.12432537197107131,0.08387256590195089
VTM-006899,DG-d3ca4a74edc3,1,1,0.5989861903425676,1.2716021646412599,0.11634900013798424,0.8543567854432036,0.0036629499084631333,0.025631264510349104
VTM-006920,DG-6d5b246b0f5d,1,1,0.5549771859546488,1.145122858009803,0.41381306447599364,0.46674147780202235,0.05419101545690334,0.06525444226508048
VTM-006923,DG-b519c5aec4f7,1,2,0.5526816413508444,1.138798259096872,0.08308577234755968,0.36879956125297336,0.39112420921081115,0.15699045718865579
VTM-006949,DG-44101e66695f,1,2,0.5500872830780511,1.131680389739468,0.029093865128034836,0.31147595951783774,0.567753055823395,0.09167711953073256
VTM-006956,DG-a61465db87b9,1,1,0.6057663748656339,1.2920536245743142,0.008911617403948364,0.9280564754067258,0.052476051933904345,0.010555855255421473
VTM-006963,DG-afc05f4307d0,1,1,0.5686027515004306,1.1831922214127284,0.11925878966307323,0.4830691043552889,0.04149183347068046,0.3561802725109575
VTM-006979,DG-58d413850ced,1,3,0.5502739336831896,1.1321914283267887,0.243994022044345,0.15390405718998346,0.1550717532437249,0.4470301675219467
VTM-007112,DG-e26d6b558205,1,1,0.5860198598474766,1.2332469244795674,0.03380978470670159,0.7355943830252764,0.11343275093159663,0.11716308133642557
VTM-007121,DG-a939f20b22e0,1,0,0.5434217736308513,1.1135362883897042,0.3981405625813263,0.2559237776790797,0.24519455692364878,0.10074110281594512
VTM-007129,DG-f0b4c5c4799c,1,1,0.6111557567085265,1.3085122347486304,0.0010320229118298005,0.9812048364938012,0.014840127871321612,0.002923012723047421
VTM-007150,DG-cf8a125e50d9,1,1,0.5592647474098714,1.157003543166904,0.30075869753627943,0.5206558835775581,0.08933580951481734,0.08924960937134518
VTM-007155,DG-825926fbeaf0,1,1,0.6051874887271204,1.2902965408523968,0.035947768113553775,0.9277376481881552,0.025554640504507245,0.010759943193783825
VTM-007160,DG-f5950cc9cf3c,1,1,0.5968951797874722,1.2653507252932794,0.024522906016947173,0.8557615123028434,0.10720025612356737,0.012515325556642096
VTM-007206,DG-3bf993c53651,1,1,0.5770296607529335,1.2072079593886227,0.09318975707283653,0.700231792822557,0.18154125430047036,0.025037195804136072
VTM-007219,DG-b296bdb18f6e,1,1,0.6088947420365923,1.301585127885042,0.021267018932837216,0.9473338801703127,0.008611105944198326,0.022787994952651755
VTM-007250,DG-d054717f484a,1,3,0.5621288533740162,1.1649898042779891,0.11936281532366129,0.2686007657813959,0.11779131142024851,0.4942451074746943
VTM-007270,DG-15bd612d24e6,1,1,0.5700727461385029,1.187354963015837,0.1328643776970969,0.6295863656174217,0.168452953827131,0.06909630285835051
VTM-007282,DG-72e18c9884fe,1,0,0.5449457911932457,1.1176668192996917,0.33399421077356367,0.3152944555575833,0.24849316614094388,0.10221816752790928
VTM-007285,DG-1edab0fb33e0,1,2,0.5504753883507103,1.132743182512744,0.04320500842139177,0.2841068495568563,0.5125725920654726,0.1601155499562794
VTM-007287,DG-d3276520fd0a,1,0,0.5555066505438833,1.1465851880551716,0.5490478459011852,0.41613293843646076,0.009751038350247496,0.025068177312106633
VTM-007314,DG-eafc6da806c0,1,1,0.5990432630300287,1.2717731577821298,0.015097974664975129,0.8517356166600176,0.022081100684281152,0.11108530799072627
VTM-007317,DG-8b195d054cfc,1,1,0.5722960647809467,1.1936721457803943,0.016760932229699477,0.6437042665923135,0.3242186871391417,0.015316114038845455
VTM-007336,DG-b45e35735ca1,1,1,0.6027054440819077,1.282786170028546,0.043303342734434,0.8797553861887735,0.04322276084766864,0.03371851022912387
VTM-007344,DG-ed49674b7d31,1,1,0.5829147692903449,1.2242034765557888,0.0657678372573958,0.7233863168358473,0.07480139593823579,0.13604444996852103
VTM-007417,DG-fb93c68f7c60,1,2,0.5422475622607803,1.1103610143146723,0.07590051630887652,0.30997676496890375,0.5886214762050916,0.025501242517128
VTM-007420,DG-774f243f0066,1,1,0.5695887781400765,1.185983233915031,0.10889731571530818,0.45027347926053585,0.04063650869392181,0.4001926963302341
VTM-007432,DG-92b3cc170806,1,1,0.593959368432126,1.2566170896151811,0.10587406066497558,0.8033159893374452,0.005432505961157644,0.08537744403642153
VTM-007445,DG-3a2923998b9f,1,1,0.559372228170009,1.15730251483962,0.03786436761666358,0.5153898110888524,0.4182203251350761,0.028525496159408043
VTM-007487,DG-8e6b1faa1a02,1,0,0.5505547371809382,1.1329605592541836,0.5749771655416469,0.10373401715644082,0.04249469636547862,0.2787941209364337
VTM-007490,DG-bdcea29d26bb,1,1,0.594225033668858,1.2574053343605682,0.02060260454712882,0.8255539271859206,0.12070035142008703,0.03314311684686369
VTM-007512,DG-fea175dbfc71,1,1,0.6017362160726045,1.2798636049661551,0.018266572650816007,0.8836174879854629,0.0674320679186884,0.030683871445032613
VTM-007516,DG-b0229a65aff6,1,1,0.5752247898320882,1.202032955107761,0.02826324652605417,0.6562718172537254,0.28423488461115504,0.03123005160906522
VTM-007577,DG-d5f96cfa3972,1,1,0.5964299687890255,1.2639634150383456,0.009655605749060785,0.8422213031524893,0.13626451501490883,0.011858576083540961
VTM-007584,DG-d0af3f3d2314,1,1,0.596264075118282,1.2634690102416148,0.024263399000952552,0.8235065938697017,0.03499871194963581,0.11723129517971002
VTM-007623,DG-2cf1d3a7ddcf,1,1,0.576533267764278,1.205782954954452,0.06631526467579603,0.6420462710910365,0.07726984882401054,0.21436861540915697
VTM-007672,DG-9308f70f286f,1,1,0.6077374828930245,1.298052075898732,0.018617833729264063,0.9360691185228434,0.017425301975525335,0.027887745772367117
VTM-007691,DG-9e49b8ee0eff,1,1,0.5714939682218311,1.1913901711269808,0.030461726969055348,0.63641532326112,0.3099288380256323,0.02319411174419228
VTM-007738,DG-603d299e2d00,1,1,0.5740487451293218,1.1986702201889647,0.033444524963710455,0.6282207317344838,0.19704800490127666,0.14128673840052924
VTM-007747,DG-e705e3ff61f9,1,1,0.5533660110054761,1.140681186862876,0.10055876032982126,0.46907250738270073,0.40048547379787597,0.02988325848960195
VTM-007778,DG-431157e10144,1,1,0.5868128710412434,1.235565126861952,0.05670609049079149,0.7456290032168642,0.1018497810845083,0.09581512520783596
VTM-007794,DG-2006ebf947a5,1,1,0.6042559469818372,1.2874733815051065,0.014222847790741261,0.8983903536259307,0.060672800959891096,0.026713997623437104
VTM-007844,DG-7411d6ae34ff,1,1,0.572653762948072,1.1946908808775423,0.11604803571210168,0.66718533698345,0.1645648694474291,0.05220175785701936
VTM-007851,DG-8c5f758e015a,1,1,0.5686957566696469,1.1834552658709925,0.18633433913564837,0.6331285718192206,0.09371687351301725,0.08682021553211382
VTM-007885,DG-564459a6ad64,1,1,0.5855572009794908,1.2318960596353101,0.06747140199903706,0.7547342508404948,0.10738769805056034,0.07040664910990789
VTM-007897,DG-a07c307f1a6a,1,1,0.5634418601881384,1.168664537872506,0.13429026900997834,0.5537727721001654,0.15690073588721345,0.15503622300264294
VTM-007958,DG-75b19ae0bf59,1,1,0.5586660304062941,1.1553391661831747,0.31424722941561367,0.5520693249786329,0.06715699973428053,0.06652644587147286
VTM-007961,DG-ad1c960b6599,1,1,0.5927132997749013,1.2529253937037022,0.1386877368677146,0.7976123851736969,0.0505154691733203,0.013184408785268137
VTM-007976,DG-ca4759340cca,1,2,0.5471568987387099,1.1236784255837127,0.12580286184462997,0.35193464180626854,0.4386994804210419,0.08356301592805956
VTM-008019,DG-a043b5aef864,1,0,0.5549217772182419,1.14496990203537,0.507487663775276,0.4222508095804724,0.027370707784958558,0.0428908188592929
VTM-008030,DG-ce30e5849b0f,1,1,0.5568049198061613,1.150176581672245,0.11029381643703434,0.5159329990636191,0.35163795978727297,0.022135224712073596
VTM-008174,DG-35d148f2d41b,1,1,0.5690816498339009,1.1845471518709432,0.07776840005559092,0.6327769201083563,0.2104045728613811,0.07905010697467171
VTM-008187,DG-9c5c7d8c9153,1,1,0.5810456533800767,1.2187853386505967,0.07927809255430368,0.7358243036329986,0.14850310771687145,0.036394496095826234
VTM-008188,DG-1047df88ccd1,1,1,0.595033122231529,1.2598055090773266,0.0364557970336319,0.8439742896432034,0.10809582968067824,0.011474083642486532
VTM-008204,DG-fe2fe1cb4895,1,1,0.6058310253636976,1.2922499857026215,0.02646162576149631,0.9285246656439632,0.037471610983252246,0.007542097611288404
VTM-008302,DG-6fb0b8e098ce,1,1,0.6035763906381719,1.285417256441603,0.01706961797938806,0.9272758920156114,0.05059559678223337,0.005058893222767176
VTM-008309,DG-0a66088d4b39,1,1,0.5691650748158217,1.1847833034225248,0.014402134997165956,0.6045795379504613,0.3655659430772956,0.015452383975077024
VTM-008312,DG-ae5e342f20ba,1,1,0.6052583553329148,1.2905115300165406,0.011436371836195135,0.9258176640718597,0.05300872572612082,0.009737238365824236
VTM-008349,DG-d11d438ffb18,1,1,0.5670686846936476,1.1788598206628285,0.24334819613470815,0.5964411777689274,0.12753452304802876,0.032676103048335826
VTM-008360,DG-a5093433625e,1,1,0.5833892965655303,1.2255820689660544,0.07203231038188491,0.7132354506038185,0.062411583127111855,0.15232065588718477
VTM-008370,DG-2fc4aaa41fd8,1,1,0.5527819785740378,1.1390741811969372,0.33198114296368164,0.44936756269332706,0.11675830344820659,0.10189299089478461
VTM-008380,DG-6eaffef04e54,1,1,0.5779651660074897,1.2098971051123557,0.008034841493614497,0.6963371662010082,0.284951844396783,0.010676147908594204
VTM-008428,DG-71584711f1e6,1,1,0.5757592079269928,1.2035634611329742,0.13286519469883712,0.6844630518257278,0.1036009285505756,0.07907082492485955
VTM-008466,DG-b35e864c1165,1,2,0.5441110831964759,1.1154032100461706,0.01335184257463919,0.20595471140089586,0.7599394527556357,0.020753993268829325
VTM-008509,DG-3ead6a91b3ad,1,1,0.5900642916931801,1.245106964489363,0.009437165007615824,0.7944352833788827,0.17588205357067352,0.020245498042827943
VTM-008520,DG-cc289f754191,1,1,0.5678457362131895,1.1810528152042123,0.24303791652180623,0.632638536851761,0.07651531087944428,0.04780823574698842
VTM-008532,DG-6244aef85417,1,2,0.5445823275752678,1.1166807676965114,0.043893844208599646,0.15682381686380076,0.6133874545822079,0.18589488434539178
VTM-008533,DG-a842d91005a1,1,0,0.5408916313242733,1.106702064386737,0.39660182527827864,0.07736823309472671,0.3056948230789418,0.22033511854805288
VTM-008539,DG-ee316328426b,1,1,0.58200293850461,1.2215579026812278,0.0028042887127654524,0.7102499465226492,0.27169968291586605,0.01524608184871938
